20 20
10 6 -8 4 15 -10 -3 -4 7 -9 8 -6 -10 13 7 4 -3 1 3 0
11 -3 -4 7 -6 -8 -5 12 6 -9 15 1 -3 15 7 -9 -10 -2 5 6
0 7 4 -7 -5 -2 9 13 -5 0 11 -5 -6 10 -4 7 -3 -9 6 1
9 -1 9 10 10 -1 13 7 5 -2 12 -2 2 6 1 -5 12 3 4 1
12 14 -3 -2 5 13 3 11 4 -3 -4 12 0 10 2 -3 14 3 -4 4
10 -10 13 4 -5 6 1 3 -6 7 -10 -3 -1 3 -8 12 -5 -9 12 5
-7 -8 -9 14 -9 -1 9 -6 -2 12 5 5 -2 -5 12 1 -3 1 8 11
14 0 -6 12 -5 3 11 -10 -10 2 -5 0 15 4 6 -7 -3 -10 13 4
15 -4 2 -6 4 5 -9 10 1 15 3 3 -3 11 9 15 8 0 -3 6
0 9 14 0 -5 14 -9 -9 13 7 -1 11 -5 -4 3 -1 -1 -8 -3 11
15 -2 -10 2 -5 14 13 12 4 14 2 12 5 0 -3 11 5 -3 15 -6
13 -1 2 7 5 4 10 8 -1 11 -10 4 15 -10 14 3 -9 13 3 -4
6 13 12 10 10 10 8 -5 1 13 -10 0 -3 15 15 -4 8 15 -10 -7
7 -1 7 -8 12 -5 -9 3 -4 -9 -3 -9 13 12 15 -9 -8 -3 6 6
-7 9 -6 -9 -8 -2 -1 3 10 11 11 3 3 -2 6 -8 1 0 -6 -8
9 14 -7 -9 15 6 12 3 11 -8 11 -7 -1 3 7 7 10 7 -10 5
7 5 6 15 6 -4 -6 11 12 9 12 0 -3 0 6 -9 3 6 10 12
-5 4 2 1 12 -8 15 8 -1 -5 8 3 4 -1 12 -6 5 4 3 -6
12 -2 -6 0 10 -7 -5 14 9 -9 -5 -6 6 3 9 -8 -6 2 5 8
-8 15 7 9 8 12 5 15 6 1 11 -3 9 -1 -1 14 -5 3 14 -4
