30 30
15 9 9 -1 -1 6 -3 15 2 -10 3 -6 0 0 10 3 7 -7 6 -3 6 14 11 -1 -9 11 -10 -5 5 14
6 8 13 -1 6 12 12 -2 -7 0 -10 8 10 6 6 -8 -4 8 5 -1 11 -2 15 1 -5 -9 -4 -3 9 -2
-10 -6 -4 11 9 11 -8 -6 7 -5 2 8 6 8 -6 -8 -3 -5 -3 14 15 11 15 -8 -5 14 0 3 -9 -3
5 -5 5 11 -8 -10 7 -6 -3 -2 -5 9 7 13 3 11 6 11 4 -1 7 -8 15 -4 4 10 10 0 10 1
12 0 -9 -5 3 12 9 8 -3 0 -5 8 8 13 0 0 -5 4 13 15 13 14 -4 -7 11 10 -6 -8 6 4
-2 4 5 4 -9 -3 -9 0 9 -2 2 -6 9 -3 3 4 -4 -5 7 13 0 4 -5 6 14 -9 4 12 7 1
-3 0 -5 6 7 15 5 7 14 8 11 5 6 10 15 -2 -4 5 -3 -9 14 15 -1 14 15 -8 13 11 12 -9
2 -1 14 13 -3 14 4 8 1 -6 12 8 13 -8 1 -6 -8 8 12 -9 -9 3 2 8 1 -6 15 14 15 4
-3 9 15 15 11 12 -8 8 13 -9 4 2 -1 -2 -3 -3 -3 -10 -3 3 2 1 12 14 11 -7 14 -10 0 10
-7 -10 7 -5 -2 5 -1 8 14 9 4 -1 -5 0 -5 4 11 -7 0 14 15 3 14 12 -1 2 0 12 -7 -9
7 -10 3 -9 4 -3 -6 -4 8 11 14 0 9 13 -8 -10 3 3 -9 -8 15 14 13 11 11 12 -9 11 -1 5
-5 10 -6 8 11 2 -5 0 13 13 -3 2 -4 14 9 5 1 1 7 3 -5 -5 -3 11 -8 -9 15 3 2 7
2 13 1 15 4 -9 6 -3 8 5 14 0 14 6 8 1 12 -3 6 -7 -5 9 11 -1 1 -2 -3 12 -9 13
-4 -2 8 11 1 14 -6 10 0 7 13 12 -8 -5 5 -3 8 13 7 -8 -7 11 8 13 2 14 -3 5 7 13
-5 -3 -2 -1 -6 -7 4 -2 0 -10 9 11 -8 1 2 9 14 -9 -7 13 15 -6 -3 12 10 -1 -5 2 0 -3
6 8 15 -2 -10 1 -4 -6 -9 -5 0 -4 -8 13 -9 7 8 -8 12 -1 -3 10 -5 0 -3 8 14 1 10 0
-8 -2 1 -9 10 -1 3 7 -1 -3 4 13 9 -1 -5 7 -8 11 -4 13 -9 11 5 3 15 14 -2 6 -1 9
-10 -8 8 11 -9 -3 -1 0 15 3 -3 -10 9 5 -9 4 15 6 -8 -10 3 11 1 7 -10 -1 -2 4 6 -3
12 4 8 1 -9 -3 3 7 7 -8 6 -8 10 -7 -2 15 5 -3 3 11 -2 -7 13 2 11 6 0 15 -4 -1
10 -7 8 2 -2 -4 7 -7 -8 2 -4 -8 3 -3 -9 0 5 -1 5 -9 7 -8 9 10 7 12 1 12 -2 7
3 6 11 15 7 15 12 -10 14 4 14 -6 15 5 11 -5 13 -7 11 -1 12 -1 10 -4 10 -7 -8 9 11 9
-3 11 15 -9 4 5 -3 -8 -6 -5 -3 0 2 13 12 9 -8 9 7 -1 -7 10 11 -8 4 7 -3 4 -6 7
5 -8 -8 14 14 9 13 11 -6 -6 -9 -2 12 -5 5 -4 8 -2 -5 10 6 14 -6 -3 5 -2 0 -5 -3 12
-7 3 -10 11 15 -10 15 -6 2 -7 3 -5 4 2 -4 0 5 9 -6 -7 13 3 -5 13 -7 14 13 2 8 13
1 15 13 -3 -8 11 -5 -5 2 12 2 -5 10 -4 4 -8 -1 14 -2 -9 10 2 5 -5 1 15 14 14 -1 -10
-8 -5 -6 9 14 12 -3 -9 -7 14 -10 7 -2 -1 15 8 10 13 7 1 8 7 7 -7 6 6 4 -6 1 4
-10 12 -3 -9 12 -5 1 1 4 3 3 -6 -9 12 11 -1 6 13 12 -8 6 1 -1 -10 -2 -10 12 9 7 -8
-10 -5 14 2 -8 14 -3 7 10 10 11 13 11 6 7 -5 -9 11 -2 11 5 -2 15 15 -10 10 -1 4 -5 8
-4 -7 5 -3 10 4 4 15 6 9 7 12 -10 -7 7 -4 -8 -10 13 -6 5 10 -3 13 13 14 13 6 3 14
3 6 15 -9 12 12 -7 7 15 -8 5 2 -2 2 -10 11 -7 10 -2 13 -7 -4 -8 12 9 -1 0 -7 7 -4
